108
112
118
12
122
124
127
128
139
146
147
153
160
163
166
184
187
195
200
203
207
210
213
217
223
228
234
235
24
245
246
258
261
273
28
280
281
286
29
291
3
30
302
320
323
326
336
344
348
349
367
369
37
372
401
427
429
446
452
458
459
46
461
466
467
469
473
476
484
503
518
524
526
530
531
533
543
559
560
575
58
581
584
590
597
609
616
617
621
622
636
645
648
649
68
77
81
82
84
99
1, 48
102, 21
105, 253
109, 32
110, 254
111, 271
116, 244
119, 389
123, 150
125, 232
132, 176
138, 73
140, 57
141, 17
143, 7
144, 221
149, 154
151, 6
152, 20
155, 192
157, 190
16, 60
162, 189
164, 371
165, 208
175, 296
193, 277
202, 284
215, 65
219, 264
22, 69
220, 259
225, 350
230, 62
233, 67
238, 54
25, 80
250, 59
251, 289
26, 282
288, 41
292, 85
297, 337
298, 9
301, 382
31, 419
311, 647
322, 400
33, 5
346, 358
378, 571
396, 409
411, 413
418, 87
42, 93
445, 447
448, 92
454, 515
455, 513
462, 557
463, 494
465, 585
470, 479
471, 499
472, 570
474, 578
482, 545
485, 506
486, 539
496, 528
498, 540
510, 522
534, 580
535, 556
577, 586
589, 627
591, 634
592, 640
593, 619
594, 615
595, 625
602, 635
603, 633
637, 638
642, 646
651, 659
97, 98
10, 231, 424
100, 133, 158
101, 130, 78
103, 299, 315
107, 135, 18
131, 174, 36
14, 178, 226
145, 423, 436
148, 269, 95
170, 309, 402
171, 229, 347
197, 198, 75
204, 283, 55
212, 242, 43
243, 345, 388
256, 321, 331
257, 308, 96
263, 365, 366
287, 49, 56
305, 316, 428
307, 379, 434
324, 357, 579
332, 368, 390
351, 356, 492
375, 421, 444
380, 394, 420
417, 435, 439
437, 438, 440
450, 550, 573
453, 525, 541
481, 552, 574
488, 512, 542
504, 520, 538
514, 548, 549
516, 519, 576
523, 532, 536
596, 618, 620
612, 626, 629
106, 303, 353, 403
11, 239, 40, 83
113, 115, 121, 156
114, 240, 383, 50
129, 142, 327, 384
180, 181, 185, 186
188, 224, 44, 61
2, 222, 313, 407
214, 227, 262, 27
218, 333, 385, 414
249, 361, 363, 412
268, 404, 45, 76
310, 35, 354, 410
318, 362, 364, 415
319, 392, 416, 441
431, 606, 614, 644
451, 497, 507, 529
460, 490, 493, 563
475, 508, 564, 582
477, 511, 561, 583
505, 517, 521, 527
587, 601, 608, 630
588, 628, 632, 639
600, 605, 607, 631
104, 117, 211, 267, 38
120, 199, 39, 72, 8
137, 182, 209, 255, 304
15, 191, 201, 216, 236
159, 161, 205, 391, 66
168, 169, 237, 272, 4
179, 252, 360, 406, 442
183, 19, 266, 47, 86
241, 270, 70, 71, 88
265, 275, 276, 63, 74
274, 312, 355, 370, 426
294, 34, 89, 90, 94
314, 393, 408, 567, 568
352, 373, 374, 405, 443
449, 468, 495, 547, 554
502, 546, 551, 553, 562
544, 652, 653, 658, 661
134, 194, 206, 278, 285, 290
279, 325, 329, 399, 430, 64
654, 655, 656, 657, 660, 662
126, 172, 173, 260, 425, 51, 52
300, 317, 338, 339, 343, 398, 433
306, 328, 341, 342, 381, 422, 650
598, 604, 610, 611, 623, 624, 641
330, 340, 377, 397, 432, 599, 613, 643
13, 136, 167, 196, 23, 247, 293, 295, 79
456, 457, 464, 480, 491, 500, 537, 558, 565
478, 483, 487, 489, 501, 509, 555, 566, 569, 572
177, 248, 334, 335, 359, 376, 386, 387, 395, 53, 91
